1 2.2320946022264 2.22022171280275 1.63866006906527 2.56382101846594
2 2.3305866846723 2.66761249424474 2.76997619942863 2.19000089731722
3 2.59028512737234 2.57184876579952 2.21468698503218 1.49835596605265
4 0.835630880613728 2.71451949606498 1.79705796955643 2.13677974579247
5 2.25768906384409 2.25492478415153 2.53171083891507 1.90789706042236
6 2.26918504918936 1.99394414443194 2.38103359631968 2.11007125100612
7 2.05931545695029 2.57607374145838 1.79274851746727 2.5443619296592
8 1.76061102041776 2.30794414811721 2.56232158297292 1.83472000367092
9 2.34408452981909 2.36472902069066 2.5951063444391 1.67611465266105
10 1.87216383726955 2.03324765957378 1.90372549136692 2.32997803090895
11 1.95187602519329 2.58842897637525 2.7242595740713 1.66395794220965
12 2.71727867174694 1.61001485301111 2.15937191656808 1.99735531252238
13 2.54242450168415 1.96468533472355 2.36414101465837 2.1140911039893
14 2.69016762160763 1.47287051760526 1.31504750877043 1.3338872320922
15 2.13755425960067 2.09952617268599 1.44199140875375 2.15489317923128
16 1.80425937314475 1.60844350828354 0.873752335767641 1.97127607536721
17 2.04616587830122 2.32824421530857 1.68543518474048 2.14160998346639
18 2.58492199092771 2.45133611334836 1.64510897269875 2.25117642455225
19 2.73456306966065 1.95444528324606 1.85822891818133 2.34301108387706
20 1.80892637404179 2.57614447632098 2.71716711465811 2.73468697379726
21 2.16199832982214 1.80654327658097 2.27283765481956 2.01690177129552
22 2.43128587841479 2.25805026441801 1.65504031240887 2.11330374510146
23 1.84270127663957 2.46602084410115 2.65358720595185 2.65981549575322
24 2.43365800893506 2.40659207623003 1.61927599082385 1.61711307592542
25 2.01561907985767 1.23180315106975 1.94101128864157 2.24999891621142
26 2.6880643642584 1.77761493450403 1.44700571211834 2.39083721055464
27 2.13869939784022 1.83384640529016 1.28860112352952 1.79056048757132
28 2.62121508031425 2.13762481659412 2.46398767106986 2.28132002702516
29 2.40932110169301 1.83442761254281 0.971606323337639 2.0214796040515
30 1.55077159983301 2.5623885994915 2.70922515546767 2.08126061491333
31 1.59620434259642 2.05748346088632 1.06819233890172 2.21977096986147
32 2.24945226037554 2.06000339391303 2.41917292179006 2.10083658996401
33 2.11737553059383 1.80431871893901 2.27155330586614 2.38698292742872
34 1.65924286160599 2.27599555419843 2.04387605367368 1.61844858956399
35 2.32050371545567 2.70696175559368 1.79269450606086 2.49424706954478
36 2.4253183907819 2.61058068520434 2.73704886912679 1.76475270595281
37 1.84015292603787 1.88530734865807 1.31831211303574 1.81488735769664
38 1.5416208708974 1.28049887830791 1.23174814547085 2.50607590364933
39 2.20041644167262 1.87897953119671 2.31465874592104 1.82819641990074
40 2.17623648722242 2.26478247062319 2.53740217685307 1.94828773171481
41 2.44478784476739 2.05953985640786 1.91890529828666 2.07441882306576
42 2.46473954931898 1.76671704653223 1.44228678820275 2.78987440463669
43 2.16645846064292 1.36625854871707 0.768883172068104 2.19306321011639
44 1.97956022442362 2.29105859242128 2.55257270284645 2.2094578013782
45 1.86249096491601 2.39030863744187 2.60987474305618 2.28955408307187
46 1.88809589418939 2.47668024036392 2.65974141125356 2.12731544831083
47 2.16058049763557 2.15427681008057 2.47360170399181 2.22617156178317
48 2.16751597262965 1.50724933730776 1.10004021841334 2.11177140185317
49 1.32660933294467 1.97949215326472 2.37268973532896 2.70964679692536
50 2.34585941814479 1.62479655341306 0.880833412023337 2.22738021504647
51 2.48237953274598 2.19814052131911 2.49892642948304 0.865227297401872
52 2.24172935714853 1.41171291509819 1.28856549006759 1.36889780975835
53 1.99141151905181 1.96518091741502 1.8644271394587 2.25810101502546
54 2.3816112006791 1.90230567435995 1.50099838628429 2.31469154276391
55 1.76716042417611 2.10418185735117 1.94467936954845 2.15211881181922
56 2.23839788970524 2.39331296455565 2.11160929212405 1.5012644070488
57 2.24678452676567 2.01222672607851 1.39158904975481 1.53241800780041
58 2.54957601698388 2.33873560525974 1.18997808984984 1.80438837273897
59 2.29870444999101 2.29008373543607 2.55200986890362 2.47866543821378
60 1.81910365795589 2.54464228553533 2.19897931632795 1.57645321934199
61 1.91603825842579 2.05332314941171 2.41531608082897 2.08822526771769
62 2.41125018517891 1.99549269404458 1.54134954945921 2.37664050740413
63 1.14374643470735 1.96504724612876 1.52816628379686 2.3496731763992
64 2.45924574586777 2.01992212385586 2.39603198973309 2.88322419674611
65 1.4483381250277 2.29163896824452 2.55290778298423 2.10623394113965
66 2.92906799570335 2.12928989226986 1.45917550026757 2.32617225660944
67 1.56322544295505 1.97347129621163 1.03181400448412 1.61386196189161
68 1.96533944631418 2.27706511274696 2.54449356358959 1.283823037884
69 2.22213285043971 2.55286603732018 1.70372730163468 2.18019114818332
70 2.69557461748695 1.51935257309399 1.33517482920711 1.79058716260393
71 2.27590699719097 2.0004434081564 1.38478594798053 2.62560558959282
72 2.04192244716232 1.69961741902356 2.21110398217545 1.53831398975174
73 2.66089632615656 2.13092132935472 1.46011741090769 2.05335213071543
74 1.9498469258395 2.02739591121748 2.40034698287818 2.3244381013047
75 2.05422903337137 2.34568040625718 2.58410862176824 2.64856899721311
76 2.49361237262251 2.18333141034264 1.49037638527431 1.86531434600723
77 1.96525456521932 2.61298294390435 2.7384358138339 2.15120633770993
78 2.35989678604794 2.23170285824468 1.51830365374165 2.23376062710282
79 2.40466043450784 1.79570964291655 1.45484095069799 2.10960749976094
80 1.93180079813136 1.89276136281853 2.32261569011782 2.32098709936621
81 2.12815381702648 2.32563901062166 2.07253771660313 2.01461410068652
82 1.96547808654038 2.0528327668898 1.91503295834793 2.39254900829549
83 2.29828941582892 2.76142540156332 1.82413910672248 1.84212816815364
84 2.4480015975884 2.00441502949136 2.38707896462739 2.00009912853933
85 2.61942254402991 2.01390205387676 1.89255630071011 1.84218922811224
86 1.747672804739 1.91144300976096 2.33340154400894 1.98014385811086
87 1.95807160552272 2.5352459443682 1.69355433622571 1.84575619275024
88 1.85906139459176 2.33545121592376 2.57820279597565 2.46435364267763
89 1.31694182771505 2.25789885575585 2.03342791995641 2.33898852644689
90 1.48441742387719 1.07870111138379 1.14436714917922 1.87757762152549
91 2.12540351893643 1.45154936669848 2.06788182538822 1.74712503854047
92 1.96494526329609 2.19597900435093 1.12816266837737 2.17099417803799
93 2.12185540371998 2.17475785810629 2.48542644258274 3.19129895330184
94 1.35706759631184 2.41053530061241 2.1215526124825 2.41348057674587
95 2.53256682752674 1.97336081181775 1.36914980369406 2.46765261127592
96 1.78566183056345 1.74559970386547 1.23765186670689 2.16576634547763
97 2.27156518729558 2.07627683621128 1.07633010912886 2.48712102565621
98 2.1618554179523 1.31529776600164 0.746816505853954 2.97668560129845
99 1.55640170998047 2.47075175025427 2.65631859589286 2.254133610722
100 2.64396434461726 1.38518780958593 0.777079782461751 2.04985742720199
